[gd_scene load_steps=6 format=2]

[ext_resource path="res://Objects/Ball.res" type="PackedScene" id=1]
[ext_resource path="res://Objects/TubeY.res" type="PackedScene" id=2]

[sub_resource type="ProceduralSky" id=1]

[sub_resource type="Environment" id=2]
background_mode = 2
background_sky = SubResource( 1 )

[sub_resource type="GDScript" id=3]
script/source = "extends Camera


onready var target = $\"../Ball\"


func _ready():
	pass


func _process(delta):
	var pos = transform.origin.linear_interpolate(target.transform.origin + Vector3(-4, 1, 0), .05)
	look_at_from_position(pos, target.transform.origin, Vector3.UP)
"

[node name="Game" type="Spatial"]

[node name="WorldEnvironment" type="WorldEnvironment" parent="."]
environment = SubResource( 2 )

[node name="Ball" parent="." instance=ExtResource( 1 )]

[node name="Camera" type="Camera" parent="."]
transform = Transform( -4.2222e-08, 0.258819, -0.965926, 1.13133e-08, 0.965926, 0.258819, 1, 0, -4.37114e-08, -3, 1, 0 )
script = SubResource( 3 )

[node name="TubeStr" parent="." instance=ExtResource( 2 )]
transform = Transform( -4.37114e-08, 0, 1, 0, 1, 0, -1, 0, -4.37114e-08, 8.31302, 0, 0 )

[node name="TubeStr2" parent="." instance=ExtResource( 2 )]
transform = Transform( -0.866025, 0, 0.5, 0, 1, 0, -0.5, 0, -0.866025, 19.313, 0, 19 )

[node name="TubeStr5" parent="." instance=ExtResource( 2 )]
transform = Transform( -0.866025, 0, -0.5, 0, 1, 0, 0.5, 0, -0.866025, -24.5286, 0, 19.0131 )

[node name="TubeStr6" parent="." instance=ExtResource( 2 )]
transform = Transform( 1.49012e-07, 0, -1, 0, 1, 0, 1, 0, 1.49012e-07, -13.5741, 0, -0.0131397 )

[node name="TubeStr3" parent="." instance=ExtResource( 2 )]
transform = Transform( -0.866025, 0, 0.5, 0, 1, 0, -0.5, 0, -0.866025, -13.504, 0, 38.0257 )

[node name="TubeStr4" parent="." instance=ExtResource( 2 )]
transform = Transform( -0.866025, 0, -0.5, 0, 1, 0, 0.5, 0, -0.866025, 8.45049, 0, 37.9994 )
